12	16	2	14	13	3	6	10	1	7	4	9	15	5	11	8
6	15	8	7	4	9	11	5	2	10	16	12	1	3	13	14
13	4	5	1	16	2	8	7	14	3	15	11	9	6	10	12	
3	11	10	9	12	14	15	1	13	8	6	5	4	7	2	16
11	9	13	2	1	7	3	6	5	16	10	14	12	4	8	15
5	12	3	4	14	10	2	11	15	9	1	8	13	16	7	6
1	6	16	15	5	8	13	4	3	12	11	7	10	2	14	9
7	8	14	10	15	12	16	9	6	2	13	4	3	1	5	11
4	1	9	13	8	6	12	15	10	11	7	2	16	14	3	5
16	3	7	12	11	1	5	14	8	4	9	13	2	15	6	10
8	10	15	5	9	4	7	2	16	14	3	6	11	12	1	13
2	14	6	11	3	13	10	16	12	15	5	1	8	9	4	7
14	7	11	6	2	16	9	13	4	1	8	15	5	10	12	3
10	5	4	16	7	11	1	12	9	13	14	3	6	8	15	2
9	13	12	8	6	1	4	3	7	15	2	10	14	11	16	5
15	2	1	3	10	5	14	8	11	6	12	16	7	13	9	4